4K LSB	4K MSB	4K CSB	LSB	MSB	CSB	PROG	4K READ FW	READ FW	WBUF FW 0	WBUF FW 1	CH XFER LAT	ERASE	CHANNEL BW	UNIX TIME	EXCEL TIME	OVERALL PERF	randread.4	randread.8	randread.16	randread.32	randread.64	randread.128	randread.256	randwrite.4	randwrite.8	randwrite.16	randwrite.32	randwrite.64	randwrite.128	randwrite.256
																ACTUAL	62.922332749999995	76.1328555	86.47144875	104.28622675	136.775918	197.36059049999997	284.24719350000004	11.562852500000002	12.400980250000002	14.104175	17.44162075	24.0179325	41.89336175	81.96446875000001
2.0	4.0	8.0	2.0	8.0	2.0	3624.4073926396413	779.0	2217.0	15000.0	13983.0	0.2702702702702703	193902.0	280233.0	213.0	377.0	339.0	33.0	149.0	0.035333333333333335	5.0	1696909929.635481	45209.53622263289	0.6269774181547642	29.326705	29.69107	34.133315	48.393719	74.906786	92.665452	150.962813	8.735507	10.781736	13.829503	26.06585	51.806089	102.320825	209.205923
2.0	1.0	8.0	2.0	8.0	2.0	4821.592858250929	968.0	2826.0	20000.0	18967.0	0.3054054054054054	265854.0	395349.0	319.0	566.0	508.0	49.0	224.0	0.04800000000000001	5.0	1696910196.729126	45209.539313994515	0.7796420428221108	34.140214	39.303288	69.95108	74.730239	79.111715	92.116316	129.506141	8.62727	10.683647	17.094985	34.408682	67.752354	137.284972	272.530326
1.0	2.0	16.0	4.0	16.0	4.0	6414.223119053157	1158.0	3435.0	25000.0	24112.0	0.34054054054054056	337805.0	510465.0	426.0	755.0	678.0	66.0	299.0	0.06066666666666667	6.0	1696910494.4463913	45209.5427597962	0.3346826927378542	35.627049	35.916028	44.320661	54.297922	63.024971	84.86607	123.361356	8.525394	10.263524	13.171666	18.938118	29.014784	49.773849	90.02916
2.0	2.0	2.0	4.0	16.0	4.0	8532.918359249588	1347.0	4043.0	30000.0	29419.0	0.3756756756756757	409756.0	625581.0	532.0	943.0	847.0	82.0	373.0	0.07333333333333332	6.0	1696910738.4953215	45209.54558443659	1.247381623349247	45.65818	45.899444	50.019518	63.056114	111.571706	124.866462	152.09496	9.191329	13.257743	26.724777	53.349837	106.280064	214.696867	424.641727
2.0	2.0	4.0	8.0	32.0	4.0	11351.44418492987	1537.0	4652.0	35000.0	34887.0	0.41081081081081083	481707.0	740698.0	638.0	1132.0	1017.0	98.0	448.0	0.08600000000000001	6.0	1696911091.378937	45209.5496687377	0.22396666496114476	51.997095	52.351978	56.739419	68.955305	81.686554	148.932302	160.141783	8.752025	9.664572	11.953957	15.931788	25.218358	41.398885	72.325145
3.0	4.0	8.0	1.0	32.0	4.0	15100.963077175138	1726.0	5261.0	40000.0	40516.0	0.44594594594594594	553659.0	855814.0	745.0	1321.0	1186.0	115.0	522.0	0.09866666666666667	6.0	1696911338.927488	45209.55253388296	0.48452559270004814	67.347292	67.732211	67.887264	77.24464	89.007782	102.242858	166.481856	8.803497	9.511565	12.482729	24.899093	50.265872	97.164441	201.356456
1.0	8.0	16.0	1.0	64.0	4.0	20088.993271970718	1916.0	5870.0	45000.0	46306.0	0.4810810810810811	625610.0	970930.0	851.0	1509.0	1356.0	131.0	597.0	0.11133333333333333	6.0	1696911630.3297129	45209.5559065939	0.4369104022000164	54.549766	54.567701	55.040502	59.582821	69.681745	89.778013	111.684136	7.985635	9.552967	11.885994	20.072389	38.618663	80.5911	154.649053
2.0	1.0	16.0	2.0	64.0	4.0	26724.629986763608	2105.0	6478.0	50000.0	52258.0	0.5162162162162163	697561.0	1086047.0	957.0	1698.0	1525.0	148.0	672.0	0.12399999999999999	6.0	1696911900.2033262	45209.55903013109	0.15437465769869066	72.351732	79.327774	85.563385	95.913568	116.971118	224.179519	231.395426	8.195668	9.834036	11.37355	14.03929	21.699412	34.850151	60.614106
2.0	2.0	2.0	2.0	128.0	8.0	35552.09752227469	2295.0	7087.0	55000.0	58370.0	0.5513513513513514	769512.0	1201163.0	1064.0	1887.0	1695.0	164.0	746.0	0.13666666666666666	6.0	1696912157.8838415	45209.56201254446	0.511306389109095	79.527561	79.8806	87.828812	98.708216	109.212154	130.047659	172.154769	8.335875	9.537079	14.004893	28.105837	56.342904	109.232185	226.00051
3.0	4.0	4.0	4.0	4.0	8.0	47295.38402811764	2484.0	7696.0	60000.0	64645.0	0.5864864864864865	841463.0	1316279.0	1170.0	2075.0	1864.0	180.0	821.0	0.14933333333333335	6.0	1696912459.5482154	45209.565504030266	3.8422076517926698	104.395951	104.490775	105.051887	183.30024	281.839724	308.104179	580.731773	17.407949	35.064858	70.204989	140.184114	280.510293	559.69333	1125.766414
1.0	1.0	8.0	4.0	4.0	8.0	62917.61966971581	2674.0	8304.0	65000.0	71080.0	0.6216216216216217	913415.0	1431395.0	1277.0	2264.0	2034.0	197.0	896.0	0.16200000000000003	6.0	1696913115.6167028	45209.573097415545	6.23203078853748	78.439913	87.84478	103.831348	136.466315	201.510551	331.297012	590.24559	28.261205	56.846991	113.914998	227.679376	455.624032	910.395361	1823.716622
2.0	2.0	16.0	8.0	8.0	2.0	83700.06811974615	2863.0	8913.0	70000.0	77677.0	0.6567567567567568	985366.0	1546512.0	1383.0	2453.0	2203.0	213.0	970.0	0.1746666666666667	6.0	1696913880.3255868	45209.58194821281	0.9459472787758995	102.339186	107.511039	129.100536	237.47745	254.139317	283.424086	342.944016	9.392227	14.396602	24.833399	44.086424	73.168286	132.971794	252.155852
2.0	4.0	32.0	1.0	8.0	2.0	111347.2098917026	3053.0	9522.0	75000.0	84435.0	0.6918918918918919	1057317.0	1661628.0	1489.0	2642.0	2373.0	230.0	1045.0	0.18733333333333335	6.0	1696914243.903353	45209.5861562888	1.657682269789473	110.410859	114.631804	119.105588	144.186184	263.283766	284.753489	323.540255	9.07829	16.445069	32.652506	65.235721	130.447173	260.784155	526.923259
3.0	4.0	4.0	8.0	32.0	2.0	7552.2475366038625	941.0	8972.0	5000.0	6604.0	0.8247528736740748	50000.0	50000.0	1797.0	0.0	0.0	290.0	0.0	0.038442441927129437	6.0	1696914685.452785	45209.59126681464	0.8060528411486965	20.615537	25.029778	33.192645	51.461188	89.239976	146.991699	261.997107	8.184246	11.426372	22.499513	38.171802	67.823554	128.577346	253.255508
3.0	1.0	32.0	8.0	4.0	4.0	58313.823832536495	2859.0	1165.0	67446.0	92246.0	0.6184082161587291	1656528.0	4634084.0	4551.0	3109.0	9458.0	207.0	1317.0	0.17167332762426663	6.0	1696914976.9862437	45209.59464104449	1.5850306324161043	124.932387	212.410323	324.320005	352.219721	364.084709	382.724282	420.351228	20.075257	24.48172	32.131473	47.669328	76.730058	135.174915	251.140663
2.0	2.0	16.0	2.0	32.0	4.0	15487.190215539915	2700.0	8808.0	136763.0	147586.0	0.8734907069250615	2041798.0	2949384.0	4811.0	4964.0	1669.0	0.0	3797.0	0.1124530721083592	6.0	1696915368.8939865	45209.59917701373	1.4917780557717177	212.398908	216.422173	246.29274	274.219798	306.618089	561.961209	628.999402	9.007445	13.528459	23.240315	41.37364	72.959705	137.653058	264.873635
2.0	4.0	8.0	4.0	64.0	4.0	8686.9611034663	1275.0	1889.0	17863.0	23370.0	1.4378244208311626	270933.0	1226120.0	5000.0	238.0	10000.0	89.0	4650.0	0.1159907613097669	6.0	1696915757.5947595	45209.60367586527	0.583188896827866	50.568007	54.963162	59.389532	78.253855	110.476669	144.286189	215.495161	18.725133	21.257356	25.759956	35.519297	52.472682	88.468795	158.305946
2.0	8.0	8.0	8.0	16.0	4.0	52875.327440267676	3659.0	13899.0	104912.0	145587.0	0.5776400321150343	1981510.0	3964801.0	4975.0	6777.0	7378.0	907.0	4665.0	0.13346982673985291	6.0	1696916076.8654625	45209.60737112803	0.8824161311485124	151.547631	151.571045	152.5336	156.473767	221.434551	246.937518	460.52938	14.604337	16.025732	19.750541	30.921533	61.814895	122.805036	243.117563
3.0	4.0	4.0	8.0	128.0	2.0	2048.000000000001	400.0	1000.0	5000.0	7000.0	0.424950057560293	1886313.0	3372248.0	5000.0	7646.0	9698.0	0.0	5000.0	0.01	6.0	1696916447.421274	45209.61165996845	0.9968714744230629	35.882301	36.33049	44.705325	80.797416	143.827169	208.580858	340.141436	20.20648	24.456332	32.828255	49.049276	80.543334	144.787386	272.237016
2.0	1.0	8.0	4.0	8.0	4.0	6795.208769318118	584.0	4058.0	31143.0	39250.0	1.0473627606860214	50000.0	4669988.0	2070.0	8925.0	6755.0	709.0	1655.0	0.09807984908244702	6.0	1696916804.8011463	45209.61579630956	0.4296811891239506	64.401208	92.882965	169.688085	169.843185	174.813998	184.142105	203.038164	14.144653	16.483406	20.320001	27.883493	42.116205	69.91126	125.902723
1.0	1.0	16.0	2.0	128.0	4.0	219480.5274591915	2114.0	11269.0	68370.0	73152.0	0.43162696277571083	2621785.0	637298.0	143.0	8854.0	1199.0	208.0	941.0	0.08229327160462685	6.0	1696917113.6675644	45209.61937115237	0.3166213568133577	76.948894	93.619874	104.321828	115.285773	137.880321	184.157115	191.178942	7.504477	9.601043	14.179691	22.247281	39.266474	78.148479	156.37536
3.0	4.0	4.0	8.0	128.0	2.0	7671.286775196104	1336.0	12018.0	17526.0	24536.0	0.9537766998079571	410145.0	50000.0	2396.0	1217.0	287.0	353.0	461.0	0.02436840296430709	6.0	1696917400.2202327	45209.622687734176	0.30056303951654023	45.617416	45.663222	46.309934	67.05718	83.077762	100.706246	132.4769	8.095771	9.643896	10.560478	16.692374	27.399734	51.340828	91.163945
1.0	8.0	8.0	2.0	128.0	4.0	2898.3839340041427	4000.0	7986.0	149443.0	190329.0	0.5901706078921566	50000.0	921694.0	4095.0	4423.0	8323.0	402.0	90.0	0.17349099144016758	6.0	1696917650.0143065	45209.62557886929	7.397356245656715	184.533947	208.527002	261.336717	365.254405	613.065949	1026.270996	1849.030943	39.985411	64.978288	119.337724	227.327121	434.861683	851.157134	1685.500809
3.0	4.0	8.0	8.0	64.0	2.0	108789.50277602271	1507.0	6362.0	8049.0	9286.0	1.088535956224059	2862012.0	1816680.0	2062.0	3561.0	6477.0	560.0	263.0	0.10700534033552815	6.0	1696918451.656534	45209.63485713581	0.45494621159058257	27.369255	27.962779	28.042086	40.231988	51.823859	65.392282	92.551344	13.496424	14.475358	18.856686	24.038871	34.305546	53.939461	94.409815
2.0	1.0	16.0	8.0	64.0	4.0	125951.88774499125	2024.0	9958.0	50893.0	52455.0	0.5061863038321083	1827715.0	1104341.0	273.0	5570.0	406.0	223.0	1037.0	0.09771062705842902	6.0	1696918697.86777	45209.637706802896	0.29638878431000437	72.339643	83.562774	94.588682	107.285334	131.31378	245.3373	265.163311	7.447861	8.637589	13.788318	24.930741	43.12933	74.149902	143.649034
2.0	8.0	8.0	1.0	8.0	2.0	15918.468796092544	578.0	13214.0	13193.0	18470.0	1.1857743070024584	1261083.0	1295832.0	4282.0	1228.0	2223.0	730.0	374.0	0.15954246467636232	4.0	1696918984.1789727	45209.64102058996	9.04315676813459	38.051905	37.888691	38.803012	43.092738	60.83405	104.928406	194.503553	44.584289	87.810366	170.351309	321.076463	642.3318	1286.030964	2570.753206
3.0	1.0	2.0	8.0	128.0	4.0	15251.022258650115	400.0	1000.0	5000.0	6531.0	0.7956158352769382	1821840.0	50000.0	2227.0	8769.0	3008.0	26.0	5000.0	0.18403160178128783	6.0	1696919827.4676864	45209.650780876	1.1663733976969315	34.947323	63.014929	100.954873	160.297779	279.16437	517.26177	844.858573	12.914323	18.126092	26.58359	42.147404	76.511261	151.211506	303.160413
1.0	8.0	16.0	4.0	32.0	2.0	6407.801811434642	865.0	1000.0	83244.0	80309.0	0.5443864681050469	882927.0	1839973.0	29.0	1672.0	8245.0	344.0	26.0	0.18087237963927275	6.0	1696920226.2777724	45209.65539673348	1.0411760556416463	97.003473	97.186383	105.175167	121.542008	157.92989	232.150979	363.507672	18.836353	24.0679	33.387211	52.543087	85.429904	154.199303	293.39328
3.0	1.0	8.0	8.0	128.0	4.0	4903.664524989074	2282.0	3052.0	51551.0	66447.0	0.6647588148751695	1434347.0	2195783.0	1683.0	4706.0	7310.0	708.0	1527.0	0.06325203195490153	6.0	1696920615.5168571	45209.65990181548	0.565206721791239	97.190236	129.932663	139.020842	152.647116	178.517417	232.117415	391.236842	15.189271	18.271727	22.447409	30.576793	46.788941	79.040639	144.752247
1.0	1.0	8.0	2.0	32.0	4.0	16686.85280879934	699.0	3164.0	5000.0	5498.0	0.5181572386147063	451341.0	4393753.0	1906.0	6398.0	5690.0	153.0	1540.0	0.0784765828482398	6.0	1696920941.3293738	45209.66367279368	0.7313623958764531	20.563077	34.059806	51.120052	80.339949	84.510999	94.028694	128.254819	12.888241	15.172112	18.558703	30.745394	62.134265	124.361425	241.641927
3.0	1.0	8.0	8.0	16.0	4.0	2048.000000000001	2310.0	5432.0	103797.0	145315.0	1.5	1094983.0	2170265.0	1916.0	9424.0	9799.0	1000.0	1809.0	0.08398483241862241	6.0	1696921233.103732	45209.66704981172	2.6445634744116826	271.410167	386.686778	395.014198	719.897764	1098.217212	1157.357154	1166.577023	18.297539	20.817043	24.348479	32.034392	46.678631	74.985494	131.55614
3.0	4.0	32.0	8.0	128.0	2.0	5914.697092102267	400.0	3335.0	5000.0	6716.0	0.26893301878504605	50000.0	5000000.0	2232.0	4236.0	9450.0	98.0	5000.0	0.01	6.0	1696921613.391324	45209.67145128847	0.43536863429931955	29.673044	30.041025	34.421078	60.22946	95.466443	156.420379	275.905354	17.077737	19.099983	22.917839	26.6814	37.994435	59.280668	100.764423
3.0	2.0	16.0	4.0	64.0	4.0	2815.104025578454	2393.0	11578.0	12276.0	12362.0	0.28360218155962647	2059244.0	1106516.0	975.0	2415.0	393.0	688.0	699.0	0.17476899650080985	6.0	1696921890.0403626	45209.67465324493	0.49380203983356125	24.368201	24.998936	33.116771	43.277997	53.091151	72.99932	119.511855	8.603944	9.615334	14.718855	24.966232	37.591471	67.086189	121.577777
3.0	1.0	16.0	4.0	64.0	4.0	65766.77903442731	684.0	1070.0	103718.0	100743.0	1.0523833351064953	932732.0	1035526.0	902.0	3738.0	4089.0	83.0	631.0	0.06757874765888375	6.0	1696922123.0172167	45209.6773497363	1.649995250183165	229.1267	236.041595	256.460352	281.919103	333.012673	575.247506	886.179752	13.242661	18.158757	26.811685	41.852241	72.780673	132.59084	255.446606
1.0	1.0	8.0	4.0	8.0	4.0	12313.464821928605	3529.0	13913.0	13915.0	18066.0	0.8612071236184462	557620.0	5000000.0	2009.0	6185.0	2504.0	142.0	1654.0	0.1494083921446621	6.0	1696922521.1414378	45209.68195765553	1.8185532465214702	24.25321	35.65701	35.604271	40.18414	45.53784	58.938221	82.221168	10.04469	17.225	34.559558	69.13341	137.688687	278.360292	550.79252
3.0	1.0	8.0	4.0	8.0	4.0	4320.502716481978	400.0	3203.0	86363.0	107852.0	0.8085435312525657	744683.0	3116942.0	1708.0	5223.0	8237.0	686.0	1613.0	0.09841663185409087	6.0	1696922879.126731	45209.68610100383	2.06263774261859	175.814425	230.903162	405.38033	624.031212	672.467388	680.813762	696.744729	15.915375	19.370769	23.536067	32.560113	65.110154	131.265717	265.765991
1.0	1.0	8.0	4.0	128.0	4.0	3446.02559720961	2419.0	1000.0	14217.0	13408.0	1.2969215835091294	569313.0	2287295.0	1569.0	9845.0	2673.0	1000.0	1480.0	0.01	6.0	1696923279.7275364	45209.690737587225	1.0383332274367822	28.15644	42.657693	56.792661	69.969514	102.542149	168.151158	299.043595	12.792052	19.789653	29.147413	50.39192	89.356393	168.926501	328.77947
1.0	1.0	16.0	8.0	128.0	4.0	45311.1507342492	2110.0	14387.0	44375.0	55365.0	0.2969535028521446	238350.0	2387656.0	963.0	1023.0	1181.0	837.0	650.0	0.07556348472298326	6.0	1696923615.3304935	45209.69462188071	0.24688229802559908	53.915618	66.966304	72.812063	83.582777	103.895706	145.04698	152.299559	8.51105	9.119071	11.441101	22.302979	31.547962	54.285193	103.376102
2.0	2.0	2.0	1.0	128.0	2.0	5147.262369386175	4000.0	12131.0	148617.0	165617.0	0.2	1208274.0	5000000.0	1135.0	5044.0	8752.0	750.0	783.0	0.09595059021244833	6.0	1696923871.531403	45209.697587169016	2.296868151114237	172.164074	172.272928	197.123518	205.829367	214.571537	232.268013	263.787607	15.805887	20.315626	40.687779	81.385756	162.288651	326.343064	654.343985
3.0	1.0	16.0	8.0	128.0	4.0	5912.4369311166765	2233.0	2536.0	49504.0	56294.0	0.38006034430665536	784200.0	253537.0	973.0	3018.0	3077.0	228.0	731.0	0.19591200355531033	6.0	1696924347.9455192	45209.70310122128	0.2540064576587231	78.438327	94.290096	102.410381	112.45872	132.936294	173.511543	287.093102	10.721528	12.985071	17.235205	24.91773	40.018545	69.05401	128.22333
3.0	8.0	16.0	2.0	16.0	2.0	22000.265250615732	475.0	1891.0	5000.0	4500.0	0.8655055016213471	558498.0	352440.0	131.0	5588.0	2549.0	101.0	138.0	0.10815905989367754	6.0	1696924636.3263462	45209.70643896234	0.5271063768689027	25.056445	29.375847	33.733705	42.471072	69.795131	119.515091	188.527186	10.65289	12.567215	18.887551	27.948582	45.905126	81.077633	152.43354
2.0	2.0	16.0	4.0	128.0	4.0	3045.237991400768	2919.0	3048.0	5000.0	6063.0	0.2	2814137.0	4883352.0	950.0	3938.0	8287.0	691.0	926.0	0.18159551788097725	6.0	1696924898.7029083	45209.7094757281	0.7243998874968833	14.398471	14.405529	27.411039	35.109211	47.988964	68.935013	113.317636	16.764898	19.628114	23.49719	32.413403	48.438185	81.797074	146.37185
3.0	4.0	4.0	2.0	64.0	2.0	46629.43356452513	1355.0	8575.0	22379.0	27514.0	1.3728414235234743	1166336.0	863746.0	2093.0	3428.0	6791.0	394.0	941.0	0.03539671794845639	6.0	1696925144.7922864	45209.7123239848	1.2952298830818354	68.848075	72.906808	85.257021	123.862173	177.074203	262.723927	437.5386	18.319177	23.48031	37.431967	61.531383	108.37056	199.265886	385.371138
3.0	2.0	16.0	2.0	64.0	4.0	115429.51580420126	2324.0	12500.0	6630.0	8671.0	0.5810740577960407	50000.0	2554631.0	973.0	5569.0	9566.0	653.0	3262.0	0.14922982233035895	6.0	1696925563.923056	45209.717175035374	0.5352623166794477	22.005556	22.245324	35.530109	50.454094	70.754317	111.374114	177.818073	16.260058	18.742465	21.031305	28.201327	41.494277	66.235633	115.007985
3.0	4.0	16.0	2.0	32.0	4.0	185924.76436476465	2187.0	10084.0	66479.0	77506.0	0.5562200927183009	645700.0	1821174.0	933.0	2827.0	7108.0	973.0	950.0	0.024140715530560308	6.0	1696925821.638674	45209.72015785502	0.6291416204092581	112.808071	113.100114	117.219388	148.139859	167.150617	196.412149	308.242587	14.055758	15.461172	23.786552	38.406568	57.230651	100.418916	189.461152
1.0	1.0	8.0	2.0	16.0	4.0	96765.19658732004	400.0	13205.0	99614.0	94524.0	0.5524055775126218	1893549.0	488036.0	2159.0	1491.0	6079.0	458.0	2896.0	0.11260753748058284	6.0	1696926164.6879945	45209.72412833327	6.647442639232564	119.734466	127.180371	153.368983	157.667246	162.648195	176.370204	219.5257	30.037331	60.364267	120.841854	241.788526	483.654743	966.168711	1933.237711
3.0	1.0	32.0	8.0	128.0	8.0	2048.000000000001	4000.0	1000.0	5000.0	7000.0	0.2	50000.0	5000000.0	5000.0	10000.0	10000.0	1000.0	5000.0	0.01	6.0	1696926933.607009	45209.7330278589	1.240285966699897	25.967558	43.454765	63.67002	87.542871	135.985023	233.331407	391.72838	21.67599	27.193713	37.315785	57.304858	97.45016	176.510244	335.038718
3.0	2.0	8.0	8.0	64.0	4.0	136678.09877754364	707.0	5890.0	14186.0	14033.0	0.24192273743315892	50000.0	2041674.0	1956.0	6602.0	2616.0	743.0	1352.0	0.1494323228404497	6.0	1696927306.6275904	45209.73734522674	0.2989535698934557	32.059667	32.624287	44.913108	64.412521	92.217507	148.483091	237.449636	9.507279	11.913091	14.892104	21.733404	33.254002	56.791353	103.533124
2.0	2.0	2.0	1.0	32.0	8.0	203783.5681628895	2694.0	3488.0	110172.0	132974.0	0.6577063550036524	699316.0	858491.0	321.0	9434.0	8475.0	820.0	3731.0	0.15615384615384617	6.0	1696930494.3585181	45209.77424026062	5.72417614871496	158.208548	158.376993	208.730813	221.95433	243.115998	462.745717	901.911174	24.158593	48.470867	97.083428	194.239838	388.589958	776.870483	1554.49953
3.0	2.0	4.0	2.0	32.0	8.0	2153.7937096852474	2883.0	4096.0	115172.0	140866.0	0.6928414901387875	771267.0	973607.0	428.0	9623.0	8644.0	836.0	3806.0	0.15907692307692312	6.0	1696931246.0095897	45209.782939925804	1.5822088717374396	206.537157	207.212861	266.34582	282.498134	303.772955	524.639603	807.063348	16.210742	19.248964	23.164355	36.425519	72.098155	143.03803	289.994574
1.0	4.0	8.0	2.0	64.0	2.0	2865.217742865552	3073.0	4705.0	120172.0	148920.0	0.7279766252739226	843218.0	1088724.0	534.0	9811.0	8814.0	852.0	3881.0	0.16200000000000003	6.0	1696931653.7966688	45209.787659683665	0.7650832391330474	132.006096	131.975156	132.571223	180.623315	201.727727	223.720207	267.657793	16.64272	19.381921	22.835139	30.144559	55.059357	109.993885	219.684363
2.0	8.0	8.0	4.0	64.0	2.0	3811.6337126972485	3262.0	5314.0	125172.0	157135.0	0.7631117604090578	915170.0	1203840.0	641.0	4.0	8983.0	869.0	3955.0	0.16492307692307692	6.0	1696932014.9090333	45209.79183922493	0.7625757862030467	184.666979	185.10539	185.334991	189.469409	244.056945	269.386095	296.129662	16.77171	18.942886	22.998151	28.832285	42.62328	68.383908	122.12589
2.0	1.0	16.0	4.0	128.0	2.0	5070.662289435624	3452.0	5922.0	130172.0	165512.0	0.7982468955441928	987121.0	1318956.0	747.0	192.0	9153.0	885.0	4030.0	0.16784615384615387	6.0	1696932362.831715	45209.795866107816	1.1780622417694826	193.84558	249.02921	261.155139	281.63295	323.265227	406.791584	805.590755	16.882196	18.968372	22.376998	29.757726	43.148487	68.094602	119.46135
3.0	2.0	2.0	8.0	4.0	4.0	6745.563186686712	3641.0	6531.0	135172.0	174049.0	0.833382030679328	1059072.0	1434072.0	853.0	381.0	9322.0	902.0	4104.0	0.1707692307692308	5.0	1696932713.7767081	45209.79992797116	6.571335612883315	260.384848	260.200879	467.372833	719.821028	767.407262	773.070233	1530.065464	22.112175	44.393409	88.506961	177.946381	356.481667	712.907384	1425.818591
1.0	4.0	4.0	1.0	8.0	4.0	8973.70404658668	3830.0	7140.0	140172.0	182748.0	0.868517165814463	1131023.0	1549189.0	960.0	570.0	9492.0	918.0	4179.0	0.1736923076923077	4.0	1696933461.7794428	45209.80858541022	33.160711743014716	152.255574	152.549991	152.529074	205.26456	398.915612	786.444952	1560.799479	150.575079	295.582406	570.020186	1139.86002	2280.118585	4558.743673	9124.654908
2.0	1.0	8.0	1.0	8.0	4.0	11937.826699875537	430.0	7749.0	145172.0	191608.0	0.9036523009495983	1202974.0	1664305.0	1066.0	758.0	9661.0	934.0	4254.0	0.17661538461538462	5.0	1696935539.674463	45209.8326351211	10.289816839713518	230.846121	312.19104	617.633376	618.053014	622.556269	628.232004	1240.176031	38.893176	78.14761	156.388586	312.592734	626.05751	1249.768445	2503.77045
2.0	2.0	16.0	2.0	16.0	4.0	15881.03480752393	619.0	8357.0	5345.0	7140.0	0.9387874360847333	1274926.0	1779421.0	1172.0	947.0	9831.0	951.0	4328.0	0.17953846153846156	6.0	1696936466.5681672	45209.84336305749	2.130584913034034	29.458679	37.722911	67.327015	121.816808	179.490749	301.049065	544.197689	21.945382	31.883894	51.182747	89.652974	157.002035	292.739864	564.527939
3.0	4.0	16.0	2.0	16.0	4.0	21126.73210111319	809.0	8966.0	10345.0	13987.0	0.9739225712198685	1346877.0	1894538.0	1279.0	1136.0	3.0	967.0	4403.0	0.18246153846153848	6.0	1696936941.9635491	45209.848865318854	0.8444602377470626	36.501897	40.965277	49.252475	78.115353	126.295572	184.933448	285.38539	8.183715	13.130135	25.021913	43.971251	78.404516	149.836157	297.405486
1.0	2.0	2.0	4.0	16.0	4.0	28105.146464432182	998.0	9575.0	15345.0	20995.0	1.0090577063550037	1418828.0	2009654.0	1385.0	1324.0	172.0	984.0	4478.0	0.1853846153846154	6.0	1696937271.5635858	45209.85268013409	10.021922422595342	30.796275	35.112453	53.422105	79.33986	96.307681	133.807759	208.632725	45.254974	90.391531	180.938971	361.9919	723.724869	1446.919026	2892.958248
2.0	4.0	4.0	4.0	32.0	4.0	37388.615239058476	1188.0	10183.0	20345.0	28165.0	1.044192841490139	1490779.0	2124770.0	1492.0	1513.0	342.0	0.0	4552.0	0.18830769230769231	6.0	1696938180.6981454	45209.86320252483	1.1077347984746593	46.034884	46.238854	50.523616	79.1325	108.135433	140.307076	248.757261	8.540547	12.290793	24.651188	49.668577	98.516062	199.218028	397.04383
2.0	8.0	8.0	8.0	32.0	8.0	49738.52569184959	1377.0	10792.0	25345.0	22836.0	1.079327976625274	1562731.0	2239886.0	1598.0	1702.0	511.0	17.0	4627.0	0.19123076923076926	6.0	1696938532.5643442	45209.86727505028	0.2887972882747703	53.809099	53.950461	58.279948	62.86646	79.470416	116.744427	164.030877	8.573487	8.895197	12.837192	19.534584	31.955364	54.996849	101.559897
3.0	1.0	16.0	1.0	64.0	8.0	66167.7604848645	1567.0	11401.0	30345.0	27831.0	1.1144631117604091	1634682.0	2355003.0	1704.0	1890.0	681.0	33.0	4701.0	0.19415384615384618	6.0	1696938796.1135159	45209.870325387914	0.39911894159885497	78.62693	81.313023	100.520234	129.52005	187.500067	314.39357	490.917825	8.588468	9.620296	13.195947	20.08821	39.545785	79.162753	159.08797
1.0	2.0	32.0	2.0	64.0	8.0	88023.76963698052	1756.0	12009.0	35345.0	32987.0	1.1495982468955441	1706633.0	2470119.0	1811.0	2079.0	850.0	49.0	4776.0	0.1970769230769231	6.0	1696939102.5566065	45209.87387218294	0.23764525023597827	49.825112	49.968778	55.236308	74.842544	103.559597	160.484514	171.061731	8.56064	9.303816	11.995986	16.90227	27.034563	52.919436	100.422154
2.0	8.0	8.0	8.0	128.0	4.0	2048.000000000001	4000.0	1000.0	5000.0	5689.0	0.2749156331171867	1595916.0	659469.0	0.0	10000.0	0.0	0.0	0.0	0.01	6.0	1696939366.3471992	45209.876925314806	0.3674297056976578	14.843353	15.394696	24.032189	40.902369	85.055481	152.168495	283.654777	8.90181	9.132697	11.058802	14.240058	20.559686	32.322756	51.027273
2.0	4.0	4.0	8.0	64.0	4.0	113101.4147679998	2031.0	4200.0	16491.0	16640.0	0.7431871815056921	1616699.0	4143659.0	26.0	1087.0	3541.0	166.0	985.0	0.09789017550758941	6.0	1696939579.586855	45209.87939336638	0.36669621427971827	31.492669	32.015552	32.611037	42.187135	58.274305	77.722481	107.235764	10.503058	11.843781	14.908253	20.64925	30.321419	49.150268	100.028236
2.0	8.0	8.0	8.0	128.0	4.0	4459.833660709226	4000.0	2334.0	32663.0	29437.0	0.2	50000.0	1456523.0	0.0	0.0	8246.0	0.0	3829.0	0.061724037898005076	6.0	1696939821.9272907	45209.88219823253	0.4925928370428489	47.656557	47.893061	52.353068	60.487306	77.601141	114.75168	169.222081	15.635587	18.595075	22.636509	29.392258	43.794769	71.013655	127.206342
1.0	2.0	8.0	1.0	4.0	4.0	6486.541750364501	497.0	12169.0	5000.0	7000.0	0.23862262513302446	160992.0	3224649.0	1387.0	10000.0	6620.0	94.0	5000.0	0.03477182689428258	4.0	1696940112.920849	45209.88556621353	4.7281818277566074	24.958644	25.015283	34.073615	38.112546	57.064189	93.521898	167.045869	21.791769	43.120858	86.373667	172.624695	345.142984	692.630971	1382.864219
1.0	1.0	8.0	2.0	64.0	4.0	104705.83115294734	3239.0	11934.0	22019.0	24896.0	0.7280924658366958	333276.0	3637162.0	2206.0	10000.0	2582.0	659.0	2446.0	0.11014701944586039	6.0	1696940729.5507417	45209.892703133584	0.35936568824140386	33.511101	48.394348	56.736074	71.707247	101.39922	106.803847	121.49101	9.169844	10.0715	12.741289	22.816845	35.48985	64.376349	117.953351
1.0	1.0	8.0	2.0	32.0	2.0	31076.959458455272	1474.0	3812.0	23830.0	24193.0	0.32660246265828063	576086.0	4258000.0	216.0	9679.0	3561.0	392.0	366.0	0.138779282776149	6.0	1696940982.4753659	45209.895630501924	0.8351423459994398	33.982239	47.474037	55.671014	68.507782	72.738829	86.590643	121.776321	10.970255	12.9414	18.18154	36.347619	73.302188	145.976408	291.055551
2.0	2.0	8.0	4.0	16.0	4.0	12149.840714797567	2111.0	12141.0	5000.0	4504.0	0.3763785426933403	2784174.0	2583527.0	0.0	46.0	6706.0	379.0	807.0	0.028212935520642544	6.0	1696941282.6542637	45209.89910479472	2.3647133410464893	13.247052	13.44944	16.750691	27.211156	43.813964	53.221917	82.973047	13.684107	21.573668	43.3295	86.202834	173.076709	344.782704	693.089279
2.0	8.0	8.0	4.0	16.0	8.0	222231.8208800291	3605.0	4917.0	44427.0	40836.0	1.1166844273307133	50000.0	3838535.0	3865.0	2846.0	2621.0	0.0	1971.0	0.1855959224957595	6.0	1696941666.2180622	45209.90354419053	0.1819588262633711	82.331604	82.248216	82.872158	87.181243	92.475232	114.459954	192.630027	9.05586	10.361716	12.649709	16.466079	24.911732	37.878254	64.475794
1.0	8.0	8.0	2.0	128.0	2.0	166477.4778583698	400.0	8585.0	12510.0	12705.0	1.2988043085272405	355799.0	685643.0	3763.0	9999.0	1687.0	1000.0	1560.0	0.11215773294088965	6.0	1696941937.0560732	45209.90667888973	1.3048771163239412	37.376281	41.321443	53.475195	74.33734	133.265118	238.303229	405.134665	13.206712	19.602298	34.654393	61.555472	109.401006	205.333882	402.643517
3.0	2.0	8.0	8.0	128.0	8.0	112624.79462518852	2105.0	14842.0	5000.0	5049.0	1.1449714828369002	2323054.0	217288.0	1326.0	0.0	327.0	971.0	934.0	0.01	6.0	1696942324.7274446	45209.91116582691	0.48118925665703666	20.092561	20.317171	22.689637	32.791276	44.700265	68.316847	115.19114	8.253383	9.838429	11.947988	22.727786	32.738098	56.85228	107.28601
2.0	1.0	8.0	8.0	128.0	2.0	97500.32024789728	2902.0	8280.0	108283.0	100131.0	0.967711549516374	50000.0	4788827.0	0.0	10000.0	7527.0	1000.0	1962.0	0.08209927954636988	6.0	1696942543.283189	45209.91369540728	2.8361586001835613	177.796053	187.540163	211.598583	248.294795	316.507494	454.150915	711.617519	23.290625	33.712109	52.973972	95.361821	171.278742	323.039639	628.845892
1.0	4.0	8.0	2.0	128.0	4.0	54059.45436463015	1135.0	8840.0	5000.0	6146.0	0.9801671781737751	2620602.0	4458550.0	4620.0	7816.0	6041.0	512.0	4238.0	0.03478678697510587	6.0	1696943061.290036	45209.9196908569	1.082434758712861	22.913713	27.014313	35.520373	64.946368	113.649235	178.918771	306.166029	12.487502	19.00641	29.67872	49.351961	88.020554	172.708236	346.972643
3.0	2.0	2.0	1.0	128.0	2.0	2048.000000000001	2651.0	8253.0	5000.0	4968.0	0.22680160376313888	50000.0	1883213.0	589.0	10000.0	8034.0	0.0	0.0	0.10607452432622863	6.0	1696943401.0612884	45209.92362339454	2.2803492979126823	21.933368	30.00904	61.920097	102.073524	174.477375	324.187221	619.10628	23.357863	31.787789	53.426425	91.470066	163.636995	312.30928	605.098598
1.0	2.0	8.0	2.0	64.0	4.0	49051.21279483572	4000.0	1727.0	39029.0	51355.0	1.1382654003701096	312827.0	3967268.0	2057.0	10000.0	4065.0	1000.0	3048.0	0.09522893312876198	6.0	1696943878.6165152	45209.92915065411	0.6125082535723733	52.23244	56.987507	83.684048	100.764944	121.068398	158.849711	233.890952	13.15512	17.009023	24.453338	37.631715	64.03547	117.331179	224.01889
1.0	8.0	8.0	4.0	128.0	4.0	3416.97841869238	569.0	1000.0	5000.0	5697.0	0.46561757460800807	50000.0	73975.0	0.0	10000.0	380.0	0.0	4951.0	0.01	6.0	1696944206.843023	45209.93294957203	0.7890659379446753	25.950832	25.923272	34.154266	51.08271	106.348641	194.63701	326.416775	9.898	14.055092	23.230507	40.044471	70.734381	132.872518	242.856166
3.0	4.0	4.0	8.0	128.0	2.0	2048.000000000001	949.0	13848.0	5000.0	7000.0	1.134459540537465	50000.0	686174.0	4899.0	6309.0	4257.0	937.0	4686.0	0.01	6.0	1696944511.3371644	45209.93647380977	0.41517469931618506	29.807138	30.187964	30.465581	49.728072	72.819761	108.991886	182.495455	11.209279	13.144961	15.263601	27.105176	38.037745	63.082687	116.567828
1.0	1.0	32.0	8.0	128.0	4.0	17691.041001521888	3972.0	2221.0	5000.0	6545.0	0.6632662229530275	50000.0	2104218.0	0.0	10000.0	0.0	1000.0	5000.0	0.05154570287043003	6.0	1696944766.162924	45209.93942318199	0.5269968993047247	17.750155	37.485755	52.913599	77.153843	125.98212	222.665762	233.980405	8.406195	11.485548	18.594371	29.520662	52.396437	96.307974	187.046127
1.0	1.0	8.0	2.0	4.0	4.0	4223.432185639949	3671.0	6758.0	80709.0	106466.0	0.9915316214916348	50000.0	2485135.0	24.0	10000.0	9071.0	996.0	1119.0	0.17541634139649734	5.0	1696945049.380487	45209.94270116305	0.5539377518051943	88.795611	98.744156	99.155145	103.713675	108.332139	192.550634	360.639577	17.377421	19.608851	22.559358	30.502176	49.193723	101.742803	203.63773
2.0	4.0	4.0	8.0	128.0	2.0	2048.000000000001	1455.0	4176.0	5000.0	6938.0	1.119189135726111	50000.0	678628.0	2741.0	227.0	0.0	558.0	3079.0	0.14042983851773586	6.0	1696945373.7195768	45209.946455087695	0.4465687810980293	22.339009	22.694716	22.573244	34.449716	56.706097	81.165511	129.948577	8.345806	9.481585	12.898143	19.988846	32.904901	56.988157	106.878591
2.0	4.0	8.0	8.0	16.0	8.0	2048.000000000001	400.0	8199.0	5000.0	6798.0	0.46382783998436633	50000.0	4314543.0	2168.0	685.0	0.0	231.0	1976.0	0.016278569831607616	6.0	1696945600.0278444	45209.94907439635	2.509063287463126	33.887923	45.920742	65.982316	123.955503	233.079801	405.224285	747.944011	13.668882	28.263218	50.499317	97.368482	182.83484	359.397693	708.082341
2.0	8.0	8.0	8.0	32.0	4.0	76872.62948982413	3582.0	1000.0	5000.0	6647.0	0.8688434919252892	50000.0	50000.0	4571.0	2546.0	4817.0	138.0	4257.0	0.10174035187266127	6.0	1696946124.5464857	45209.95514521396	0.9587606281333577	26.068091	26.300992	34.727892	50.999788	89.651783	165.390679	296.970555	14.48938	20.114452	28.414582	44.770885	78.241493	144.054665	276.130796
1.0	4.0	8.0	8.0	8.0	8.0	11550.715626143356	2852.0	13791.0	78075.0	75266.0	0.24297905660789995	2345045.0	1635524.0	2817.0	8912.0	6837.0	178.0	0.0	0.026402788283347474	6.0	1696946448.5599906	45209.95889537026	3.784820616890688	87.743879	88.012208	88.152808	97.592658	102.689854	116.046297	139.222914	18.080853	36.35067	72.757644	145.362	291.198426	581.622989	1162.79133
2.0	8.0	8.0	8.0	4.0	2.0	66142.28160750047	400.0	1391.0	150000.0	157955.0	0.8943818128324224	1998105.0	50000.0	2592.0	445.0	2680.0	0.0	5000.0	0.2	6.0	1696947071.9251947	45209.96611024531	4.082960287144036	242.569112	247.070868	251.076395	263.822849	493.94347	520.004553	566.959503	15.897147	31.947116	63.520317	125.525551	252.110291	503.064332	1002.465769
3.0	2.0	2.0	2.0	16.0	2.0	148126.5359656493	3242.0	10130.0	48966.0	55916.0	0.7270270270270272	1129268.0	1776744.0	1277.0	2547.0	1144.0	148.0	179.0	0.105	4.0	1697007633.4456906	45210.66705376957	5.152114926991538	92.847716	93.150715	112.233006	124.007594	207.056406	309.515586	518.478177	23.81816	47.355364	94.869151	190.079581	380.145888	760.994341	1519.76563
1.0	4.0	4.0	2.0	16.0	2.0	197054.51693422077	3432.0	10739.0	51897.0	60100.0	0.7621621621621621	1201220.0	1891860.0	1362.0	2717.0	1220.0	157.0	191.0	0.11133333333333333	5.0	1697008351.4323716	45210.6753638006	8.234515827274942	60.169073	60.180458	64.510806	80.712017	96.68796	117.934588	185.083373	39.074835	77.155683	150.249113	300.526891	600.531335	1202.702179	2402.301766
2.0	8.0	8.0	2.0	32.0	4.0	2082.674196276436	3621.0	11348.0	54828.0	64378.0	0.7972972972972974	1273171.0	2006977.0	1447.0	2887.0	1297.0	167.0	203.0	0.11766666666666666	6.0	1697009187.0249214	45210.68503501067	0.8101876904873692	84.892297	85.362366	89.35625	93.704959	118.725485	139.90485	178.941007	8.990179	9.887752	19.692788	39.605781	78.645863	156.175671	315.50509
2.0	1.0	16.0	4.0	32.0	4.0	2770.606596604624	3811.0	11957.0	57759.0	68751.0	0.8324324324324326	1345122.0	2122093.0	1532.0	3057.0	1373.0	177.0	215.0	0.12399999999999999	6.0	1697009526.8763323	45210.68896847607	0.22745896120303838	90.002028	109.045076	112.10178	117.716528	225.203116	234.00463	253.811052	7.731194	10.047598	12.202329	17.656258	25.95297	48.210054	86.691289
3.0	2.0	32.0	4.0	64.0	4.0	3685.77136398639	410.0	12565.0	60690.0	73219.0	0.8675675675675676	1417073.0	2237209.0	1617.0	3226.0	1449.0	187.0	227.0	0.13033333333333333	6.0	1697009806.8846858	45210.69220931349	0.46208600564347996	130.017937	130.536868	165.710283	190.053313	231.264497	313.053543	534.619338	8.33065	9.994435	11.762631	16.979793	25.734263	43.103166	79.896876
1.0	4.0	4.0	8.0	64.0	4.0	4903.226089272437	599.0	13174.0	63621.0	77781.0	0.9027027027027028	1489024.0	2352326.0	1702.0	3396.0	1525.0	197.0	239.0	0.13666666666666666	6.0	1697010114.498625	45210.695769660015	0.3863872459194865	77.708754	77.530981	78.316303	105.324432	123.817273	153.635952	212.518724	8.72566	9.649266	12.579287	24.027837	48.518886	93.498641	186.733745
2.0	2.0	4.0	1.0	128.0	4.0	6522.8207906307425	789.0	13783.0	66552.0	82438.0	0.9378378378378378	1560976.0	2467442.0	1787.0	3566.0	1602.0	207.0	251.0	0.143	6.0	1697010420.2263312	45210.69930817513	1.4066069241479315	110.781546	110.222209	141.364251	156.865575	178.290438	220.885078	306.539613	8.46514	14.391774	28.888682	57.882815	115.6544	233.490512	463.9086
2.0	4.0	8.0	2.0	4.0	4.0	8677.38715124149	978.0	14391.0	69483.0	87189.0	0.972972972972973	1632927.0	2582558.0	1872.0	3736.0	1678.0	216.0	263.0	0.14933333333333335	5.0	1697010826.1668346	45210.70400656058	11.513822367462307	115.041502	115.254384	115.622534	225.569244	230.053364	235.26583	452.737062	51.660771	103.097199	204.640557	409.392222	818.63308	1636.049574	3277.322645
3.0	8.0	16.0	2.0	8.0	8.0	11543.63276094999	1168.0	1026.0	72414.0	92035.0	1.008108108108108	1704878.0	2697674.0	1957.0	3906.0	1754.0	226.0	275.0	0.15566666666666668	6.0	1697011854.9106038	45210.71591331717	2.1073564675847427	159.991881	164.311013	172.535317	189.139068	266.891586	427.372366	622.091064	12.121898	17.75209	35.345757	70.67994	142.024767	284.099851	570.045605
1.0	2.0	32.0	2.0	8.0	8.0	15356.63385730266	1357.0	1635.0	75345.0	96976.0	1.0432432432432432	1776829.0	2812791.0	2043.0	4075.0	1831.0	236.0	287.0	0.16200000000000003	6.0	1697012331.5146787	45210.721429568046	2.7535276371426534	87.79245	92.022365	121.445814	130.01831	150.774769	192.916721	271.522592	13.635151	27.465429	55.215539	110.305866	221.398359	439.911934	882.975843
2.0	2.0	2.0	4.0	8.0	8.0	20429.11519370328	1547.0	2244.0	78276.0	102011.0	1.0783783783783785	1848780.0	2927907.0	2128.0	4245.0	1907.0	246.0	299.0	0.16833333333333336	6.0	1697012866.7793584	45210.72762476109	13.400516658158324	132.143252	132.773472	179.892692	343.636491	351.801779	369.269871	698.30491	57.904042	115.842837	231.88978	464.031689	927.626157	1853.879577	3706.269517
2.0	4.0	4.0	4.0	16.0	2.0	27177.0982805019	1736.0	2853.0	81207.0	107140.0	1.1135135135135137	1920732.0	3043023.0	2213.0	4415.0	1983.0	256.0	310.0	0.1746666666666667	6.0	1697013985.0953367	45210.740568233065	3.327206967856893	137.997587	138.215161	142.333114	193.443392	209.737254	388.340515	416.178511	15.012558	30.19553	60.227678	119.964868	241.244194	479.614288	961.588267
3.0	1.0	8.0	8.0	16.0	2.0	36154.02154938716	1926.0	3461.0	84138.0	112364.0	1.1486486486486487	1992683.0	3158140.0	2298.0	4585.0	2059.0	266.0	322.0	0.18100000000000002	6.0	1697014577.6299818	45210.74742627294	1.5802662261626224	191.614195	258.91548	266.068987	476.156462	728.464397	774.543436	788.33174	9.118455	11.762294	14.570537	21.540574	39.406664	78.566526	160.965871
1.0	2.0	8.0	1.0	32.0	2.0	48096.13081950451	2115.0	4070.0	87069.0	117683.0	1.183783783783784	2064634.0	3273256.0	2383.0	4755.0	2136.0	275.0	334.0	0.18733333333333335	6.0	1697014926.6986706	45210.751466419795	7.071407664110612	98.312395	98.127469	134.321903	145.169285	154.519819	171.456291	206.268028	32.415609	64.453972	129.670526	259.039129	518.41958	1034.792816	2076.640442
2.0	4.0	16.0	2.0	32.0	2.0	63982.86278186122	2305.0	4679.0	5101.0	6976.0	1.218918918918919	2136585.0	3388372.0	2468.0	4925.0	2212.0	285.0	346.0	0.19366666666666668	6.0	1697015724.4788513	45210.760699986706	0.8868204111064887	18.745709	19.150184	19.396804	32.166286	46.565397	59.964661	88.761092	9.117055	11.030728	16.49992	33.086318	66.033188	129.987131	263.372847
2.0	1.0	16.0	8.0	32.0	4.0	2562.400766153104	3644.0	11309.0	54807.0	65697.0	1.0837985977247382	1263669.0	1773847.0	621.0	2443.0	417.0	151.0	45.0	0.12812224531849487	6.0	1697015985.5143805	45210.763721231255	0.27279581711524253	91.792851	112.041787	119.338983	124.212081	234.980632	244.037278	262.709383	8.045228	9.705927	13.567668	21.005077	29.073509	49.824255	92.088716
1.0	2.0	2.0	8.0	64.0	4.0	2048.000000000001	1105.0	9890.0	5000.0	5839.0	0.2	1352410.0	3148075.0	4000.0	4381.0	2424.0	245.0	800.0	0.08105860381668141	6.0	1697016270.054422	45210.76701451877	1.097636104837512	19.449138	19.334071	29.498563	47.572903	65.368716	101.648646	164.44367	8.468274	11.389297	21.692682	42.953805	86.480985	173.751101	344.303889
3.0	1.0	32.0	4.0	16.0	8.0	7631.254023183986	1742.0	1000.0	59709.0	69101.0	0.21919022861936455	1371169.0	2587577.0	3126.0	3215.0	3050.0	219.0	716.0	0.12039075722847842	6.0	1697016562.8784578	45210.77040368585	1.0237287657273348	88.002818	106.724214	120.678545	190.510481	286.912169	327.26462	373.247179	12.667721	18.789075	27.618666	44.33425	78.023322	145.494728	279.346868
1.0	8.0	32.0	1.0	128.0	8.0	262144.0	4000.0	15000.0	5000.0	4500.0	1.5	3000000.0	50000.0	0.0	0.0	0.0	600.0	0.0	0.2	6.0	1697016937.253396	45210.774736729116	0.7113858545731988	10.56315	10.833785	11.192212	15.918169	22.126029	33.455021	52.971976	8.806969	10.389635	12.172757	22.171867	45.798624	90.312391	180.157458
3.0	8.0	32.0	8.0	128.0	2.0	2048.000000000001	4000.0	15000.0	5000.0	7000.0	0.2	3000000.0	5000000.0	4000.0	0.0	0.0	600.0	0.0	0.2	6.0	1697017143.21469	45210.77712054039	0.4694420851355627	16.084289	16.293784	16.91752	21.517745	25.541762	37.922857	57.406002	8.46818	9.100371	12.211227	19.265876	25.892615	48.370528	83.553751
1.0	1.0	4.0	1.0	32.0	4.0	262144.0	1009.0	11164.0	90000.0	90235.0	0.2	2832477.0	1889855.0	4000.0	4954.0	4500.0	379.0	800.0	0.1643645447812386	6.0	1697017342.6554058	45210.779428882015	20.075100792858887	89.640264	95.373833	107.828781	124.210993	128.617676	139.540039	252.98431	89.327547	178.930134	358.059266	715.940134	1432.929618	2862.719882	5728.533133
3.0	1.0	2.0	1.0	128.0	8.0	2048.000000000001	4000.0	1000.0	5000.0	7000.0	1.5	3000000.0	5000000.0	4000.0	9000.0	0.0	600.0	800.0	0.2	6.0	1697018606.2477021	45210.79405379285	3.3927858208337853	27.500615	43.382897	55.102896	67.865455	100.772247	166.190639	289.897225	16.144812	32.599984	65.519715	130.795112	261.200064	523.840323	1049.471051
1.0	1.0	2.0	8.0	128.0	2.0	2048.000000000001	4000.0	1000.0	5000.0	4624.0	0.2766476591217038	3000000.0	5000000.0	0.0	9000.0	4484.0	273.0	800.0	0.17009421392856888	6.0	1697019162.9713576	45210.80049735367	1.1774752832430424	15.438768	30.284313	42.081717	54.250704	87.39505	152.655342	282.430726	14.531532	20.177416	29.124817	46.514211	93.888211	185.371231	376.310646
3.0	8.0	32.0	8.0	16.0	2.0	2048.000000000001	3420.0	1000.0	90000.0	125999.0	1.5	50000.0	3051126.0	4000.0	9000.0	4500.0	252.0	667.0	0.09808455057438518	6.0	1697019487.4706945	45210.80425313304	1.7100813435299511	240.03541	240.229157	249.244724	265.24379	394.482332	462.505104	743.426848	14.728779	19.669759	27.935572	45.438223	79.407006	147.044836	281.975275
1.0	8.0	32.0	8.0	128.0	8.0	2048.000000000001	892.0	1000.0	5000.0	6910.0	1.5	1937849.0	1303685.0	3048.0	3778.0	13.0	600.0	316.0	0.01	6.0	1697019900.1865895	45210.80902993738	0.970669005150252	21.764096	21.737235	30.024882	47.310933	86.52812	161.521818	292.795082	10.262083	15.18513	25.648707	43.945882	82.141899	154.353521	300.238933
2.0	2.0	16.0	4.0	32.0	4.0	2100.082027568685	3697.0	9864.0	55837.0	64074.0	1.0874699076245495	1169993.0	1234011.0	1342.0	2722.0	2302.0	236.0	143.0	0.15549304293191177	6.0	1697020208.0687172	45210.812593387935	0.3784498172795816	94.334996	94.537553	114.707435	126.289119	143.5499	252.863155	288.159011	9.165667	9.948227	15.164674	27.318909	45.034802	80.424999	150.313435
3.0	4.0	8.0	8.0	16.0	2.0	15017.07292507216	2454.0	1000.0	67880.0	88431.0	1.1278849566733928	1620903.0	2894136.0	1644.0	3590.0	2024.0	222.0	281.0	0.18760805525301585	6.0	1697020517.8958666	45210.81617935031	1.267264401573467	156.77366	157.251333	166.021353	230.81845	265.949449	430.964535	629.683084	11.567566	16.781463	26.326828	43.082297	76.389619	144.101738	278.474099
2.0	2.0	16.0	8.0	64.0	4.0	24213.8407065913	1092.0	6594.0	46797.0	48415.0	0.24012139053357126	642872.0	3743919.0	856.0	1015.0	3195.0	306.0	539.0	0.15689500370072115	6.0	1697020911.730227	45210.82073761837	0.12879513369223392	62.828814	63.401473	70.399671	84.292166	101.040317	135.045334	257.537741	9.566637	11.255652	13.841046	18.404216	26.415998	40.79109	72.058687
2.0	8.0	16.0	1.0	32.0	2.0	31936.215954684474	2965.0	3143.0	7598.0	10002.0	1.1358244155735888	1854804.0	2475165.0	2171.0	5122.0	1731.0	182.0	370.0	0.16769961886113335	6.0	1697021178.275058	45210.82382262799	1.5241052105978798	22.286441	22.525384	26.393078	31.295877	53.536583	76.775938	119.898183	8.609923	14.569302	29.127015	57.893462	114.777429	231.51457	465.177099
3.0	1.0	32.0	1.0	4.0	8.0	262144.0	4000.0	1000.0	5000.0	4500.0	1.5	50000.0	50000.0	0.0	0.0	0.0	0.0	800.0	0.01	6.0	1697021509.2118864	45210.82765291535	0.28692226332978465	23.373098	35.640792	50.056812	52.703768	73.635387	138.874231	227.126873	8.189015	9.709957	11.844476	15.298928	24.177346	39.979771	70.679908
2.0	2.0	2.0	4.0	128.0	8.0	24587.305152841873	2744.0	6149.0	47773.0	53869.0	0.7728144621115569	292034.0	3969625.0	2591.0	6907.0	2141.0	99.0	345.0	0.07485660026376201	6.0	1697021740.1418595	45210.83032571597	0.19710044627255408	76.553915	76.690721	91.907257	101.361545	109.021276	124.385559	155.446961	8.580311	9.470333	10.812634	14.739545	22.11308	34.331759	59.312687
3.0	1.0	4.0	2.0	128.0	2.0	17325.631244179585	3807.0	11374.0	26768.0	29749.0	0.6160498079432678	272905.0	50000.0	311.0	269.0	209.0	0.0	654.0	0.01	6.0	1697021999.8599792	45210.833331712725	0.22164387338357797	50.901279	57.947665	65.934671	73.686491	87.654888	115.013091	191.43447	8.018766	9.244109	12.18437	18.156859	25.001444	39.89967	64.542627
3.0	1.0	16.0	1.0	8.0	2.0	5485.518997154505	1287.0	4150.0	8310.0	8198.0	0.23171733123134328	65960.0	50000.0	0.0	1253.0	0.0	0.0	129.0	0.01	5.0	1697022242.5067961	45210.83614012496	0.3950460750099088	19.403929	25.028578	36.928184	53.61979	59.383477	66.920576	88.570052	9.117058	10.176742	11.929293	13.916564	21.418151	37.996288	61.852671
2.0	1.0	16.0	4.0	64.0	4.0	25083.17751097379	1817.0	8338.0	49048.0	51823.0	0.4763784903361032	394551.0	1415740.0	784.0	1729.0	1868.0	160.0	642.0	0.14032305489241842	6.0	1697022447.1228957	45210.83850836685	1.719535759669925	73.750266	89.799321	112.561045	145.488742	205.843884	315.561752	558.472436	12.310996	22.169726	39.746035	74.840859	135.597177	259.093297	505.295851
2.0	2.0	16.0	8.0	64.0	4.0	22232.741229915184	1277.0	5811.0	44981.0	48613.0	0.2139512380721374	717662.0	4564592.0	938.0	1842.0	3410.0	308.0	530.0	0.15711808205999594	6.0	1697022882.4054399	45210.84354635926	0.14315305128067551	60.104859	60.427063	69.939183	82.94439	98.003506	127.861748	241.059147	10.066285	11.797166	14.051466	19.171432	27.959536	45.12877	78.086849
3.0	4.0	4.0	4.0	64.0	2.0	2048.000000000001	1043.0	4079.0	90000.0	116572.0	0.2699385990500484	1209293.0	3054633.0	1546.0	0.0	1240.0	332.0	0.0	0.11883183442953307	6.0	1697023146.0457065	45210.84659775123	0.3413843372067788	125.872298	126.013234	126.255737	168.030434	185.845544	204.201477	239.328058	7.775095	10.382581	13.128312	19.689561	29.502008	54.96158	104.283464
2.0	1.0	16.0	4.0	32.0	4.0	2048.000000000001	1389.0	14123.0	59410.0	78850.0	0.7161053208196646	1314517.0	354018.0	297.0	1962.0	3429.0	87.0	276.0	0.17303511470104765	6.0	1697023449.810735	45210.85011355017	0.2807693247077586	89.269559	121.149332	128.060453	140.44951	273.469134	278.003344	285.621574	9.309522	11.105276	12.418241	18.825612	23.32663	40.106529	72.906282
2.0	2.0	16.0	8.0	32.0	4.0	2344.152717353201	4000.0	4708.0	56611.0	58719.0	1.0658964919157958	1330167.0	4984896.0	2191.0	3991.0	0.0	355.0	0.0	0.042616118666027006	6.0	1697023741.7214315	45210.8534921462	0.17425322171207988	96.049926	96.294491	103.375727	111.560309	120.272162	219.569206	234.660996	8.490194	9.781979	12.060949	17.634155	27.616877	47.449405	86.887162
2.0	4.0	16.0	8.0	32.0	4.0	2048.000000000001	3954.0	1000.0	57796.0	54433.0	0.9922372278818476	1325924.0	5000000.0	2352.0	4912.0	0.0	529.0	64.0	0.052968548062038955	6.0	1697024017.7120204	45210.85668648172	0.8518213191757172	99.131817	99.373645	107.349322	122.319331	157.034	222.676011	327.061339	9.925225	15.478008	25.679899	43.067067	79.097193	151.780155	295.681612
2.0	1.0	16.0	8.0	32.0	4.0	4945.875621460722	3007.0	15000.0	56412.0	77575.0	0.9424396628262068	1259501.0	1933824.0	1179.0	3380.0	2258.0	0.0	61.0	0.12625718557591906	6.0	1697024378.7392886	45210.86086503806	0.3066204764531942	90.595844	125.970968	129.628991	135.498168	261.296993	266.64593	276.33548	8.783951	10.05506	12.545467	16.678253	22.538012	35.414305	56.512613
2.0	4.0	16.0	8.0	32.0	8.0	2591.8287341709515	2296.0	9813.0	60754.0	74891.0	1.0456335240843817	1350671.0	3523476.0	2769.0	6400.0	3745.0	232.0	0.0	0.01	6.0	1697024660.4028318	45210.86412503278	0.41513119325742404	102.950217	102.997873	106.975608	142.94994	163.507219	197.554605	329.278628	10.110317	11.62642	17.214257	28.789994	46.859793	81.678993	155.744618
2.0	1.0	16.0	8.0	32.0	4.0	2048.000000000001	3061.0	15000.0	55756.0	78058.0	1.087352526202403	1258849.0	865465.0	0.0	0.0	1528.0	0.0	0.0	0.1768244898667966	6.0	1697024978.976948	45210.86781223319	0.32431330358303806	92.907583	129.188149	132.472557	137.630143	268.86335	274.84074	284.828212	8.540619	10.247528	12.167684	15.859802	22.573008	36.756635	56.628388
2.0	1.0	16.0	2.0	32.0	2.0	18950.418479605698	1288.0	6574.0	55899.0	62516.0	1.2144182925977398	1332711.0	2952857.0	1468.0	4948.0	2550.0	248.0	86.0	0.056127927920286806	6.0	1697025263.5022142	45210.8711053497	0.4617724586196525	100.062085	118.186344	125.912813	138.906628	264.525799	270.127731	277.225746	9.118017	10.992364	12.736847	20.209385	40.298268	80.206898	166.686236
2.0	1.0	16.0	4.0	32.0	2.0	2048.000000000001	3955.0	8226.0	57411.0	61851.0	0.22388309424347308	1321812.0	5000000.0	1699.0	2546.0	3997.0	195.0	253.0	0.023856806405830693	6.0	1697025575.9764187	45210.874721949294	2.418503985539086	80.449406	96.199549	119.949716	160.33625	238.962644	391.300037	711.128636	19.439589	28.508317	50.331489	92.772994	175.372667	333.740323	657.75451
2.0	4.0	16.0	4.0	32.0	4.0	12246.990781161881	1815.0	1833.0	58370.0	62234.0	1.2712060442119557	1354769.0	3216038.0	1568.0	3841.0	1703.0	245.0	123.0	0.06815224636644253	6.0	1697026082.7402523	45210.88058727144	0.4493909080651694	106.671563	111.142322	114.891444	132.797833	154.317325	191.704838	314.498486	9.970827	12.572622	19.126325	28.575074	48.681703	87.070187	165.547652
2.0	4.0	8.0	2.0	64.0	2.0	4653.356741829321	3929.0	11592.0	60514.0	55479.0	0.7164559408783491	1063144.0	5000000.0	2275.0	0.0	910.0	134.0	300.0	0.15004205790588707	6.0	1697026402.1011572	45210.88428357821	0.3090276752054018	91.436096	92.256191	95.833175	92.994847	104.891208	122.368035	157.451958	7.8525	9.514881	13.247124	20.687788	33.208164	66.331094	132.722999
2.0	2.0	16.0	2.0	32.0	4.0	9145.473892694457	2657.0	3418.0	56037.0	51448.0	1.0194564042625813	1321649.0	501722.0	536.0	0.0	501.0	251.0	46.0	0.09375239653071782	6.0	1697026685.6867523	45210.88756581889	0.3197509103875307	92.8367	93.558314	92.972487	98.524863	107.317363	198.203529	220.815353	8.851073	9.883196	12.826383	20.36247	39.445955	78.984948	161.931219
2.0	2.0	16.0	4.0	32.0	4.0	2048.000000000001	675.0	13792.0	55322.0	61423.0	0.989116188081768	1352329.0	3101905.0	2708.0	5578.0	0.0	211.0	348.0	0.2	6.0	1697026976.6351657	45210.89093327738	0.2163155026042596	97.204371	97.399926	115.928804	132.674791	157.84443	300.012955	307.402974	8.845717	8.993587	12.541011	16.39037	22.887919	39.397914	78.00834
3.0	1.0	32.0	1.0	16.0	4.0	2048.000000000001	1373.0	7887.0	72015.0	81133.0	1.4013447449887466	1696702.0	1123915.0	1797.0	1014.0	0.0	80.0	482.0	0.12382043175214186	6.0	1697027266.0868912	45210.894283413094	16.424393437426733	244.288193	333.014913	468.709951	671.721324	1125.036228	2151.156549	4202.67121	8.39834	10.411524	213.982196	520.990021	1034.205846	2060.626327	4113.785312
2.0	2.0	16.0	2.0	64.0	8.0	59094.194153373595	1416.0	6752.0	8123.0	11207.0	0.5383663390944778	786514.0	655062.0	1599.0	3291.0	2048.0	196.0	222.0	0.1359673480957907	6.0	1697028428.8354218	45210.90774115072	0.38523967353845695	20.676466	21.021962	30.018092	41.967948	54.868486	80.195503	145.466076	8.908443	10.000539	12.155566	15.066494	23.36837	36.621962	64.213399
2.0	8.0	16.0	4.0	64.0	4.0	7394.534561573309	1235.0	3477.0	90000.0	102019.0	0.49507252711703886	744120.0	3777498.0	2702.0	5306.0	598.0	160.0	452.0	0.14593139760079854	6.0	1697028640.6142535	45210.9101922946	0.2935073359703457	125.113746	124.810748	129.72631	134.168299	165.073779	192.159534	231.370125	8.828606	9.964113	12.702265	19.123618	29.973405	51.869115	95.113111
2.0	2.0	8.0	4.0	32.0	4.0	17326.049170376635	1233.0	10789.0	22774.0	27626.0	0.8544472835922261	1019001.0	5000000.0	1742.0	2141.0	24.0	0.0	448.0	0.09339573357307467	6.0	1697028936.5687392	45210.91361769374	0.3125313917094056	43.173681	43.852054	59.430883	71.763677	86.770772	156.582377	177.356674	8.33966	9.894262	11.603168	16.071126	30.533404	61.964799	129.304337
2.0	2.0	32.0	2.0	16.0	4.0	9475.658548341267	3122.0	3641.0	54448.0	70225.0	0.2	926557.0	1799643.0	389.0	753.0	3157.0	310.0	746.0	0.11392183460160998	6.0	1697029200.8813205	45210.916676867135	0.18078495592154983	68.636405	68.947658	93.952319	100.780064	186.418239	195.858918	216.091895	10.761744	12.739213	15.563315	22.959691	34.605363	57.630989	105.117721
3.0	2.0	16.0	8.0	32.0	4.0	3760.2506942878417	792.0	13780.0	13898.0	19186.0	1.3924203513568254	2294047.0	432125.0	361.0	5279.0	812.0	405.0	37.0	0.0617891985502962	6.0	1697029492.3450327	45210.92005028973	0.16759948516823614	44.245752	44.347666	67.473519	82.195082	103.143779	170.494729	259.647613	9.011405	9.256468	12.589609	18.401865	24.298113	44.277856	79.773477
3.0	1.0	16.0	4.0	32.0	2.0	12165.031248169522	2150.0	9861.0	28155.0	32364.0	1.4769364177516415	2343634.0	1194232.0	673.0	6460.0	80.0	448.0	436.0	0.017796738118223514	6.0	1697029758.166965	45210.92312693247	0.43038665296007966	78.322865	97.006985	106.857502	116.062547	198.139145	297.430776	332.628392	8.305441	9.996386	14.680081	27.333599	46.936441	84.670613	161.714962
3.0	2.0	16.0	1.0	64.0	2.0	8481.08428742395	3713.0	11561.0	28843.0	39201.0	0.22362903371305176	705984.0	4923726.0	698.0	3666.0	2780.0	301.0	800.0	0.18808969728346162	6.0	1697030061.6013386	45210.92663890438	0.30555503846202614	43.575784	43.803755	65.766451	74.724305	83.337827	100.744565	163.154519	9.40073	10.209409	15.465323	23.546712	32.707583	56.043758	98.904774
3.0	4.0	16.0	2.0	32.0	4.0	3278.601348112987	3509.0	13389.0	84792.0	118708.0	1.3758214944872629	2282425.0	3305108.0	3295.0	3755.0	3145.0	389.0	457.0	0.024212150003762797	6.0	1697030325.6539185	45210.9296950685	1.0429735921638679	211.900003	211.989234	212.430994	300.449951	308.568908	321.692781	575.774251	9.737234	11.12604	12.369888	23.246752	46.847845	93.881933	187.882569
2.0	4.0	32.0	2.0	16.0	8.0	44853.05422816533	1272.0	6027.0	49852.0	55255.0	0.2	917209.0	418985.0	493.0	1153.0	3918.0	317.0	698.0	0.19737788930080732	6.0	1697030677.8560104	45210.93377148161	0.18230410458824134	64.961883	65.230229	65.352151	81.361217	94.550385	171.594544	186.360488	10.879121	12.523578	15.165789	20.037093	28.702926	56.489875	105.926896
1.0	8.0	32.0	8.0	16.0	4.0	5024.047805446871	879.0	1440.0	14784.0	16245.0	0.2	911371.0	4014966.0	3327.0	3607.0	2216.0	306.0	400.0	0.16628075649291996	6.0	1697030961.3410487	45210.93705255844	0.6820714468017881	30.994327	34.924042	39.335079	51.705162	77.990498	134.265641	224.904263	11.008308	14.956525	22.636155	35.401584	59.81181	108.369313	207.12178
3.0	2.0	32.0	4.0	16.0	4.0	5172.0109295508555	3163.0	13018.0	90000.0	123857.0	0.2	949264.0	2386633.0	0.0	7723.0	4305.0	322.0	432.0	0.09613444421208373	6.0	1697031256.1493008	45210.94046469098	0.5008573754486939	115.122316	115.467639	166.075463	174.576879	286.806622	443.91637	497.946275	10.773905	12.151112	13.021237	21.198421	31.638512	50.360499	87.965641
3.0	2.0	32.0	1.0	16.0	2.0	111057.34348535677	520.0	4886.0	5238.0	5100.0	0.2	864467.0	842368.0	371.0	7069.0	1683.0	327.0	747.0	0.1283273032295657	6.0	1697031584.3562768	45210.94426338283	0.4475813308774294	20.819031	21.237308	36.954669	59.44152	88.397635	129.23176	150.1603	8.821427	10.454194	13.383871	19.352754	37.691253	74.111125	148.324276
3.0	2.0	16.0	2.0	64.0	2.0	90484.12506419365	1315.0	13703.0	90000.0	112215.0	0.5209076799752537	738421.0	1131117.0	303.0	0.0	2659.0	152.0	299.0	0.06554421516078593	6.0	1697031833.782756	45210.94715026338	0.46041531999332597	145.832054	146.118678	183.428608	195.158077	208.957882	235.973517	407.279546	8.892577	9.273425	11.446479	17.889626	22.867842	37.502801	64.743281
2.0	2.0	16.0	2.0	64.0	2.0	2133.9242885431336	2012.0	9975.0	35954.0	32358.0	0.32856919924382955	724079.0	2467498.0	711.0	3735.0	2480.0	258.0	800.0	0.07416822092197338	6.0	1697032128.2362652	45210.950558290104	0.4237479589398939	50.602971	51.350986	57.169417	72.209833	88.987494	117.850756	202.084786	8.704938	9.907748	15.844736	28.017488	45.482215	77.471844	147.741058
2.0	4.0	32.0	1.0	16.0	8.0	12543.847504572097	708.0	11155.0	90000.0	84351.0	0.2	1021643.0	3073671.0	323.0	1925.0	1133.0	283.0	501.0	0.14481821741364195	6.0	1697032401.9306426	45210.953726049105	0.6791499369660153	111.08036	111.175127	115.423606	121.611612	143.490766	261.014881	284.201575	8.279195	9.94493	16.189387	32.380927	64.301344	127.610683	262.287455
2.0	4.0	16.0	1.0	32.0	4.0	9691.414286348147	1048.0	13460.0	19351.0	23828.0	1.3398224842243893	2271280.0	3419226.0	0.0	8565.0	728.0	384.0	782.0	0.030044267389311957	6.0	1697032737.841083	45210.957613901424	1.7910276867686132	41.972639	42.715913	43.184763	68.284767	82.758885	102.217552	180.687349	8.964909	17.976498	35.93862	71.823721	144.043811	287.054724	575.855535
2.0	4.0	4.0	8.0	64.0	2.0	107053.0808400778	1037.0	1958.0	83291.0	90204.0	0.721976137075302	1105639.0	4128160.0	3677.0	6638.0	1412.0	194.0	177.0	0.11258920022613854	6.0	1697033136.4649696	45210.96222760381	0.49379150760856544	128.357034	128.610336	132.868746	155.393092	180.359752	213.471231	280.538849	9.191809	12.030953	17.558438	27.342333	45.544526	81.100669	152.806458
3.0	4.0	16.0	8.0	32.0	4.0	105419.39983190835	3246.0	5521.0	7882.0	10889.0	1.3290352331925963	2218271.0	696212.0	2324.0	4953.0	1461.0	0.0	0.0	0.14074279358914854	6.0	1697033461.729663	45210.96599224147	0.387088813963606	27.911466	28.319738	28.5042	44.364944	52.88555	66.381646	97.411254	8.681783	10.238629	12.35928	15.345483	24.54618	37.335762	60.870971
3.0	2.0	4.0	8.0	32.0	4.0	2570.989545024631	3797.0	2101.0	29707.0	37028.0	0.3395904271882726	340252.0	4145621.0	819.0	277.0	986.0	95.0	708.0	0.11250334262280769	6.0	1697033691.6596723	45210.96865346843	0.34619748000499045	49.500849	49.573616	68.024191	78.145053	95.241323	144.775328	212.001836	8.890784	11.302823	15.747219	24.833959	41.031553	72.979116	138.189473
2.0	4.0	8.0	4.0	32.0	4.0	6057.812675505327	2922.0	10617.0	40887.0	47010.0	0.5750827512707651	952503.0	1855509.0	835.0	4897.0	747.0	152.0	165.0	0.06272369340351398	6.0	1697033971.306168	45210.97189011768	0.26024128742987906	60.610744	60.696851	64.989304	83.735521	99.942361	125.517324	199.266024	8.500489	9.612973	13.712896	20.820028	33.905382	63.164588	114.388608
2.0	1.0	16.0	8.0	32.0	4.0	8639.821286808548	1932.0	14764.0	85136.0	109509.0	1.4999064639748165	2366640.0	1784824.0	2337.0	0.0	1468.0	600.0	0.0	0.09816709928479639	6.0	1697034248.1873848	45210.975094761394	0.7495964790460539	158.994781	201.59815	206.826037	215.182282	423.938047	429.55024	436.579279	9.1055	10.586391	12.699809	20.503659	28.462434	47.688541	89.755352
3.0	2.0	16.0	2.0	32.0	2.0	10255.127752840732	2430.0	14449.0	33231.0	36865.0	1.4349511354622324	2302632.0	2332724.0	3121.0	7180.0	2997.0	331.0	0.0	0.11618445313862943	6.0	1697034561.569621	45210.97872187062	0.38743373868030384	91.263161	91.332088	106.633723	115.004117	123.552233	211.816948	319.099678	9.733213	10.797955	12.759849	23.024026	47.39902	93.872077	182.652742
1.0	4.0	16.0	4.0	64.0	8.0	10888.65366386792	2022.0	8114.0	8080.0	10688.0	0.512319289375508	761321.0	2674225.0	3102.0	1102.0	1539.0	54.0	614.0	0.14062610056168517	6.0	1697034868.6640964	45210.98227620482	3.443667265358082	31.272313	47.652431	76.169143	136.14661	254.972767	484.593207	943.751124	20.811705	37.919595	67.331141	125.576752	238.269913	468.727012	928.61408
2.0	4.0	16.0	8.0	64.0	2.0	157941.7172802038	3402.0	6262.0	74559.0	89119.0	0.5166093544274244	762518.0	3113168.0	1484.0	8870.0	1083.0	237.0	248.0	0.11166959083178887	6.0	1697035489.5215936	45210.989462055484	0.22983070434710035	102.524811	102.823342	103.065175	135.406661	143.901522	153.678504	176.460291	8.488634	9.169886	11.521273	15.817674	23.709566	37.911882	66.867698
2.0	1.0	16.0	2.0	64.0	4.0	40622.788773770786	3363.0	1255.0	45053.0	55419.0	0.507451740040725	711658.0	3302044.0	3931.0	3826.0	2023.0	278.0	783.0	0.18308033728761763	6.0	1697035772.2969725	45210.99273491866	0.5810608473284017	70.716035	89.074049	98.889643	112.014732	136.568776	239.500509	289.579936	10.95332	14.850069	23.292433	36.852894	64.782441	119.916514	230.748764
3.0	4.0	16.0	2.0	64.0	8.0	3997.0818422102743	1426.0	4007.0	63088.0	87434.0	0.5915523146287296	786922.0	4644735.0	513.0	4106.0	566.0	289.0	785.0	0.07550634259590831	6.0	1697036097.5901265	45210.996499885725	0.26704269731381863	110.804036	111.050508	111.556152	163.383439	180.277051	197.725109	231.904898	8.5577	9.912764	12.230179	18.546551	28.134872	50.132112	92.894083
3.0	4.0	16.0	2.0	16.0	4.0	28580.308186325285	694.0	1000.0	5000.0	6564.0	0.6656278219143605	342194.0	3682630.0	1340.0	8359.0	307.0	83.0	98.0	0.09056554579061171	6.0	1697036394.8317862	45210.99994018271	0.8259211409057333	24.587159	24.580634	33.12382	64.437021	108.822473	171.101652	299.433551	10.285515	14.680394	24.194046	40.287103	72.879486	137.098583	267.219421
2.0	8.0	16.0	2.0	64.0	4.0	236042.08649892287	2164.0	6623.0	27644.0	30056.0	0.5690635371054545	798617.0	2030240.0	1173.0	6815.0	1711.0	317.0	119.0	0.14043582710381095	6.0	1697036700.6466622	45211.003479706735	0.30980301598236276	44.600988	44.526757	45.054348	49.406013	65.370226	79.606715	102.918764	8.109226	10.195425	11.805032	16.766051	24.693341	40.288718	71.770307
3.0	1.0	16.0	8.0	32.0	2.0	81031.0605747315	943.0	10171.0	5000.0	6819.0	1.4139631684690726	2241729.0	2410270.0	2132.0	427.0	290.0	350.0	105.0	0.17497186358210579	6.0	1697036945.8272524	45211.00631744505	0.4348905171167225	23.768358	31.752451	44.833701	62.581995	100.230608	152.045551	176.747719	9.553401	10.462922	14.731901	26.735552	41.588576	74.39133	140.334534
2.0	2.0	16.0	2.0	64.0	8.0	3605.2353894898824	3240.0	12321.0	86413.0	79967.0	0.5574920640792836	728251.0	1141199.0	8.0	5529.0	183.0	128.0	567.0	0.03388958521304042	6.0	1697037203.5532067	45211.009300384336	0.22738619915842304	117.91176	118.147901	117.695099	126.064569	134.685298	151.505659	284.662658	9.080447	9.439917	11.557838	16.004176	23.389254	39.062774	71.436008
2.0	1.0	16.0	8.0	64.0	2.0	127792.38544955623	3379.0	5425.0	79244.0	91436.0	0.2409874517773776	742049.0	303576.0	703.0	2595.0	2308.0	106.0	689.0	0.13212150941909373	6.0	1697037480.3266976	45211.012503781225	0.22048779174924646	97.379627	115.835085	121.117752	128.671898	144.253288	277.5186	284.571269	8.592894	10.267666	11.987499	16.504738	24.65304	38.481331	67.152967
2.0	4.0	16.0	2.0	64.0	2.0	48888.4729801856	2346.0	11419.0	30829.0	42202.0	0.5522363640491366	771780.0	2429574.0	207.0	6377.0	1749.0	140.0	143.0	0.12711744500296457	6.0	1697037753.8520205	45211.015669583576	0.2707191938277852	46.632065	46.903211	51.661641	79.008343	91.982148	108.962899	148.604554	8.271995	9.991682	14.201921	21.260975	29.628868	49.773523	92.061398
2.0	2.0	16.0	8.0	64.0	4.0	11140.543777344305	2406.0	4610.0	90000.0	105489.0	0.3242162051636909	756244.0	2432967.0	0.0	4675.0	659.0	337.0	290.0	0.14819184471726207	6.0	1697038016.0075202	45211.018703790745	0.26816562981263264	112.54531	112.948523	138.656062	148.626772	157.78815	175.511681	332.759999	8.661447	9.643347	11.803366	17.581629	27.729636	47.689139	88.611592
2.0	2.0	16.0	8.0	64.0	2.0	6677.44607998367	731.0	10247.0	85756.0	110118.0	0.29429418383240347	759262.0	4677123.0	2857.0	1365.0	3431.0	125.0	276.0	0.08829975678265682	6.0	1697038307.4957256	45211.022077496826	0.4703198726631715	112.599555	112.935917	149.454112	169.770039	194.694995	244.210666	468.007904	10.098305	10.967378	15.811968	27.537016	39.996035	64.908595	122.222722
2.0	2.0	16.0	8.0	64.0	4.0	29349.271390323862	2959.0	14235.0	83248.0	111415.0	0.46048143329669355	767263.0	159996.0	0.0	5008.0	3829.0	454.0	277.0	0.09125316910564742	6.0	1697038622.9604785	45211.02572870924	0.2654046402308972	109.662862	109.619798	151.660513	159.770364	166.919346	181.066548	346.277301	10.248832	10.890663	13.731751	21.686525	28.11571	43.905388	81.796931
2.0	8.0	16.0	8.0	64.0	4.0	106799.8699156523	1809.0	7024.0	32244.0	33662.0	0.2418305976523651	696737.0	1740043.0	250.0	3000.0	1287.0	298.0	636.0	0.09301237446586727	6.0	1697038919.8897681	45211.029165390835	0.3198578259229407	45.03435	45.137821	45.245569	50.138588	62.709897	78.74245	97.687413	8.336714	10.093547	11.714422	15.909795	23.508781	38.577696	68.106096
2.0	8.0	16.0	8.0	64.0	8.0	27601.12232195252	3184.0	1481.0	53332.0	60422.0	0.4847206102415255	789910.0	2981518.0	712.0	2747.0	3737.0	568.0	396.0	0.09182444957396302	6.0	1697039161.7089007	45211.03196422339	0.5712800921165205	76.699015	80.683622	85.121381	97.582522	129.600055	179.265129	265.865198	12.694525	16.651322	24.260066	37.653215	63.21886	116.958614	220.240505
2.0	8.0	16.0	8.0	64.0	4.0	24329.46352499071	1902.0	12631.0	79550.0	109662.0	0.33763548052338066	766831.0	3934952.0	0.0	4129.0	188.0	142.0	143.0	0.06043868425410876	6.0	1697039498.468302	45211.03586190165	0.19721382097280374	100.91672	101.123658	101.350511	106.108584	156.541458	174.903262	205.830799	7.759719	8.517216	10.958852	15.865369	23.307186	40.122813	75.582059
2.0	2.0	16.0	8.0	64.0	4.0	79385.8755137408	921.0	5321.0	55285.0	76805.0	0.2	694958.0	174365.0	0.0	1670.0	1949.0	370.0	418.0	0.15549800960290988	6.0	1697039778.8376906	45211.03910691771	0.122269392655931	71.582292	71.84751	102.83934	117.759325	137.304319	175.848176	337.803741	9.055885	9.688276	12.816335	18.957265	28.008565	46.705076	82.236427
2.0	2.0	16.0	8.0	64.0	4.0	11980.121631998429	1560.0	2767.0	53227.0	63810.0	0.2	723470.0	4773092.0	703.0	8990.0	2716.0	430.0	292.0	0.14122327842866245	6.0	1697040062.058098	45211.04238493169	0.26112742868334526	68.658571	69.181255	97.538451	106.544781	119.175347	145.450834	266.321884	10.293615	12.667919	17.489672	25.973114	40.720519	71.217471	132.211875
2.0	4.0	16.0	8.0	64.0	4.0	142931.29083179001	727.0	10641.0	80341.0	75146.0	0.20043715859966144	696463.0	1576768.0	821.0	4108.0	358.0	306.0	705.0	0.0701801934571012	6.0	1697040357.4092762	45211.045803348105	0.2887228885192024	100.961142	101.176729	105.568873	114.199633	139.494561	164.803774	216.808922	8.672823	9.640566	12.997315	22.164907	34.922101	67.085934	122.410793
2.0	2.0	16.0	2.0	64.0	4.0	31158.470177354484	547.0	7029.0	90000.0	107805.0	0.5144748075455328	714585.0	1026311.0	1267.0	2338.0	4411.0	259.0	35.0	0.18388850212182933	6.0	1697040657.8385482	45211.04928053875	0.3915061407882499	127.546502	127.478348	158.995512	179.355287	211.85829	274.011454	534.116175	10.986337	12.647636	14.524074	17.990242	25.770458	40.306498	68.614346
2.0	8.0	16.0	8.0	64.0	4.0	99502.234381331	1470.0	9353.0	90000.0	90099.0	0.41206381528224323	757171.0	3960866.0	0.0	8185.0	3852.0	0.0	483.0	0.04062094735304848	6.0	1697040971.527689	45211.0529112001	0.5895356638407957	117.458245	121.554648	125.694523	138.546618	171.311931	219.887016	304.697489	10.032175	14.984044	20.681871	35.313589	55.206612	94.721838	178.532778
2.0	4.0	16.0	8.0	64.0	8.0	2543.4661938881995	1563.0	4385.0	44882.0	41415.0	0.2	712583.0	1031746.0	0.0	3996.0	928.0	316.0	478.0	0.15881344916215726	6.0	1697041306.4075904	45211.05678712489	0.24950769238479714	58.538645	58.581622	59.041662	67.592126	83.832073	101.322257	132.67735	8.039758	9.834915	11.871632	17.841507	28.680281	48.117644	88.634516
2.0	2.0	16.0	8.0	64.0	2.0	65360.6147882591	1782.0	4630.0	55614.0	75734.0	0.431401639779035	768409.0	366499.0	1171.0	7843.0	160.0	213.0	340.0	0.17479315249798155	6.0	1697041564.1712725	45211.05977050084	0.14367453937176172	77.444997	77.671744	112.486444	123.761083	134.265587	155.914863	292.128464	8.2189	9.29574	11.585377	15.008957	25.845725	43.70039	78.69768
2.0	4.0	16.0	8.0	64.0	4.0	150342.08955395562	769.0	14507.0	51560.0	70691.0	0.4596527467224647	755776.0	4858514.0	313.0	4647.0	3856.0	338.0	295.0	0.18747639571406036	6.0	1697041844.6579504	45211.063016874425	0.1166428873013546	74.643684	74.871226	75.141205	113.017335	129.158354	151.990102	197.741984	10.348478	11.301606	13.353172	20.620893	26.088004	41.385546	73.9344
2.0	4.0	16.0	8.0	64.0	4.0	7454.362514968851	3911.0	1571.0	85264.0	95528.0	0.48964421707023054	789390.0	1785557.0	745.0	1499.0	3946.0	257.0	654.0	0.12138605288642111	6.0	1697042130.8996623	45211.0663298572	0.6212257076334776	115.93631	120.610826	124.775235	150.691129	177.026459	217.483206	301.545356	12.38082	15.846384	21.75656	34.071781	56.414385	100.817708	190.599375
2.0	8.0	16.0	8.0	64.0	8.0	78558.61465774887	3471.0	7858.0	37913.0	46211.0	0.531527166921724	772670.0	1625544.0	1618.0	4862.0	0.0	409.0	371.0	0.12579673322183937	6.0	1697042476.2264156	45211.07032669462	32.284109683324644	110.012514	186.392665	338.595144	641.601154	1258.844371	2460.683661	4731.019952	131.421158	261.414526	519.233838	1036.154841	2063.906721	4120.697623	8232.226971
2.0	2.0	16.0	2.0	64.0	8.0	58273.00421844187	704.0	5641.0	10943.0	12886.0	0.409326964900528	794378.0	122146.0	806.0	2821.0	2441.0	180.0	281.0	0.14626479869687006	6.0	1697043829.090439	45211.08598484304	0.28919132433373823	25.668263	26.194908	36.639254	54.611603	79.559889	129.038212	242.765605	8.954517	10.026174	12.575282	15.897894	24.393854	39.619915	69.364455
2.0	4.0	16.0	8.0	64.0	8.0	20883.970436862335	3760.0	9890.0	45118.0	53505.0	1.0510576755268333	1257367.0	4052325.0	839.0	3296.0	4182.0	561.0	292.0	0.10050027317837937	6.0	1697044061.9776764	45211.08868029718	0.39160920268084987	76.658941	76.658986	81.088684	106.071264	126.416083	160.417005	223.745385	10.923956	12.367282	19.474607	31.404682	51.604802	92.445808	172.746071
3.0	2.0	16.0	8.0	64.0	8.0	2048.000000000001	3609.0	11094.0	32749.0	32076.0	0.8847990651883522	2679730.0	1036648.0	3275.0	6539.0	1116.0	361.0	236.0	0.0770542310418871	6.0	1697044375.0481036	45211.09230379749	0.2531993821240202	71.990343	72.118603	79.865736	88.10659	97.088141	118.076529	184.085362	8.638124	10.047561	14.386799	22.928573	33.582471	62.159727	115.800673
